
use <facet.scad>;

module ball(r,t) {
multmatrix (m=[[-2.333238e-16,1.000000e+00,0.000000e+00,0.000000e+00],[1.000000e+00,2.333238e-16,0.000000e+00,0.000000e+00],[-0.000000e+00,0.000000e+00,-1.000000e+00,0.000000e+00],[0, 0, 0, 1]]) {facet(r,t);};

multmatrix (m=[[-8.874907e-01,-4.512340e-01,-9.353135e-02,0.000000e+00],[-2.718445e-01,6.765287e-01,-6.844044e-01,0.000000e+00],[3.721032e-01,-5.819766e-01,-7.230785e-01,0.000000e+00],[0, 0, 0, 1]]) {facet(r,t);};
multmatrix (m=[[6.765287e-01,-4.512340e-01,5.819766e-01,0.000000e+00],[-2.718445e-01,-8.874907e-01,-3.721032e-01,0.000000e+00],[6.844044e-01,9.353135e-02,-7.230785e-01,0.000000e+00],[0, 0, 0, 1]]) {facet(r,t);};
multmatrix (m=[[2.142081e-01,9.317418e-01,-2.932100e-01,0.000000e+00],[-9.762468e-01,2.142081e-01,-3.251364e-02,0.000000e+00],[3.251364e-02,2.932100e-01,9.554950e-01,0.000000e+00],[0, 0, 0, 1]]) {facet(r,t);};
multmatrix (m=[[7.727930e-01,-5.831169e-01,2.505306e-01,0.000000e+00],[4.325578e-01,7.727930e-01,4.644187e-01,0.000000e+00],[-4.644187e-01,-2.505306e-01,8.494408e-01,0.000000e+00],[0, 0, 0, 1]]) {facet(r,t);};
multmatrix (m=[[-7.760392e-01,-4.461569e-01,-4.457659e-01,0.000000e+00],[8.737803e-02,-7.760392e-01,6.246025e-01,0.000000e+00],[-6.246025e-01,4.457659e-01,6.412211e-01,0.000000e+00],[0, 0, 0, 1]]) {facet(r,t);};
multmatrix (m=[[7.430105e-02,-9.898459e-01,1.211790e-01,0.000000e+00],[-4.563110e-01,7.430105e-02,8.867128e-01,0.000000e+00],[-8.867128e-01,-1.211790e-01,-4.461569e-01,0.000000e+00],[0, 0, 0, 1]]) {facet(r,t);};
multmatrix (m=[[2.885092e-01,3.693766e-01,-8.833592e-01,0.000000e+00],[-4.325578e-01,-7.727930e-01,-4.644187e-01,0.000000e+00],[-8.541992e-01,5.160929e-01,-6.318117e-02,0.000000e+00],[0, 0, 0, 1]]) {facet(r,t);};
multmatrix (m=[[1.738115e-01,5.674422e-01,8.048595e-01,0.000000e+00],[-2.718445e-01,8.131897e-01,-5.146097e-01,0.000000e+00],[-9.465147e-01,-1.293516e-01,2.955977e-01,0.000000e+00],[0, 0, 0, 1]]) {facet(r,t);};
multmatrix (m=[[-2.885092e-01,-9.418959e-01,1.720310e-01,0.000000e+00],[4.325578e-01,-2.885092e-01,-8.541992e-01,0.000000e+00],[8.541992e-01,-1.720310e-01,4.906619e-01,0.000000e+00],[0, 0, 0, 1]]) {facet(r,t);};
multmatrix (m=[[-1.738115e-01,6.649743e-01,7.263599e-01,0.000000e+00],[2.718445e-01,-6.765287e-01,6.844044e-01,0.000000e+00],[9.465147e-01,3.164143e-01,-6.318117e-02,0.000000e+00],[0, 0, 0, 1]]) {facet(r,t);};
multmatrix (m=[[-7.430105e-02,3.299486e-01,-9.410703e-01,0.000000e+00],[4.563110e-01,8.503402e-01,2.621103e-01,0.000000e+00],[8.867128e-01,-4.099456e-01,-2.137404e-01,0.000000e+00],[0, 0, 0, 1]]) {facet(r,t);};
multmatrix (m=[[-8.503402e-01,3.299486e-01,4.099456e-01,0.000000e+00],[-4.563110e-01,-8.503402e-01,-2.621103e-01,0.000000e+00],[2.621103e-01,-4.099456e-01,8.736377e-01,0.000000e+00],[0, 0, 0, 1]]) {facet(r,t);};
multmatrix (m=[[8.131897e-01,5.674422e-01,1.293516e-01,0.000000e+00],[-2.718445e-01,1.738115e-01,9.465147e-01,0.000000e+00],[5.146097e-01,-8.048595e-01,2.955977e-01,0.000000e+00],[0, 0, 0, 1]]) {facet(r,t);};
multmatrix (m=[[-7.754719e-02,-4.855849e-01,-8.707432e-01,0.000000e+00],[9.762468e-01,-2.142081e-01,3.251364e-02,0.000000e+00],[-2.023084e-01,-8.475389e-01,4.906619e-01,0.000000e+00],[0, 0, 0, 1]]) {facet(r,t);};
multmatrix (m=[[8.874907e-01,5.077025e-03,-4.607976e-01,0.000000e+00],[2.718445e-01,-8.131897e-01,5.146097e-01,0.000000e+00],[-3.721032e-01,-5.819766e-01,-7.230785e-01,0.000000e+00],[0, 0, 0, 1]]) {facet(r,t);};
multmatrix (m=[[-6.765287e-01,6.649743e-01,-3.164143e-01,0.000000e+00],[2.718445e-01,-1.738115e-01,-9.465147e-01,0.000000e+00],[-6.844044e-01,-7.263599e-01,-6.318117e-02,0.000000e+00],[0, 0, 0, 1]]) {facet(r,t);};
multmatrix (m=[[2.022668e-16,-2.137404e-01,9.768905e-01,0.000000e+00],[-1.000000e+00,-5.833095e-17,1.942890e-16,0.000000e+00],[1.545554e-17,-9.768905e-01,-2.137404e-01,0.000000e+00],[0, 0, 0, 1]]) {facet(r,t);};
multmatrix (m=[[7.760392e-01,-3.401027e-01,-5.311246e-01,0.000000e+00],[-8.737803e-02,7.760392e-01,-6.246025e-01,0.000000e+00],[6.246025e-01,5.311246e-01,5.725193e-01,0.000000e+00],[0, 0, 0, 1]]) {facet(r,t);};
multmatrix (m=[[-2.142081e-01,-4.855849e-01,8.475389e-01,0.000000e+00],[9.762468e-01,-7.754719e-02,2.023084e-01,0.000000e+00],[-3.251364e-02,8.707432e-01,4.906619e-01,0.000000e+00],[0, 0, 0, 1]]) {facet(r,t);};
multmatrix (m=[[-7.727930e-01,3.693766e-01,-5.160929e-01,0.000000e+00],[-4.325578e-01,2.885092e-01,8.541992e-01,0.000000e+00],[4.644187e-01,8.833592e-01,-6.318117e-02,0.000000e+00],[0, 0, 0, 1]]) {facet(r,t);};
multmatrix (m=[[-8.131897e-01,5.077025e-03,5.819766e-01,0.000000e+00],[2.718445e-01,8.874907e-01,3.721032e-01,0.000000e+00],[-5.146097e-01,4.607976e-01,-7.230785e-01,0.000000e+00],[0, 0, 0, 1]]) {facet(r,t);};
multmatrix (m=[[7.754719e-02,-7.468317e-01,-6.604762e-01,0.000000e+00],[-9.762468e-01,7.754719e-02,-2.023084e-01,0.000000e+00],[2.023084e-01,6.604762e-01,-7.230785e-01,0.000000e+00],[0, 0, 0, 1]]) {facet(r,t);};
multmatrix (m=[[8.503402e-01,3.299486e-01,4.099456e-01,0.000000e+00],[4.563110e-01,-7.430105e-02,-8.867128e-01,0.000000e+00],[-2.621103e-01,9.410703e-01,-2.137404e-01,0.000000e+00],[0, 0, 0, 1]]) {facet(r,t);};
}
ball(100, 1);
